  0.98480370   1.49481486 
  1.96886363   1.91103434 
 -1.72347545  -2.78550599 
  1.51188437  -1.19734315 
 -2.65891960  -1.58560349 
  0.88342971   1.35266716 
  1.67003787   1.92955182 
 -2.30725751  -2.76439219 
  1.90664303  -0.74303290 
 -2.47373148  -1.49516011 
  1.12869818   1.56908921 
  2.18562144   1.97434131 
 -2.02188422  -2.85990681 
  1.62325611  -1.24704410 
 -2.42398411  -1.55312743 
  0.63803192   1.80684765 
  2.07664929   1.74335948 
 -2.10787742  -2.71280322 
  1.62217710  -1.16394561 
 -2.50450125  -1.38926093 
  0.71093890   1.32099905 
  1.85608328   2.03500399 
 -1.81548624  -2.41894381 
  1.87835865  -1.00782870 
 -2.58636947  -1.58192532 
