 -2.22115625  -1.99162221 
  3.30668085  -0.16252466 
  1.94910563  -2.82424897 
 -0.80531309  -1.38733530 
 -2.73814480   2.14967988 
 -2.39027001  -1.32325367 
  3.03441259  -0.47657885 
  1.40040753  -2.65354014 
 -0.88653202  -1.45662292 
 -2.44647818   2.40062748 
 -2.34479187  -1.68176540 
  2.73428822  -0.42805293 
  1.74095917  -2.65684196 
 -0.47518201  -1.13380181 
 -2.41202986   2.65543143 
 -2.54808336  -1.51238148 
  2.85523288  -0.53741439 
  1.33983815  -3.09825011 
 -0.82037900  -1.25798096 
 -2.59203591   2.06116720 
 -2.45180432  -1.60114507 
  2.68290604  -0.26424639 
  1.49126106  -2.87348827 
 -0.80429461  -1.37485652 
 -2.31298998   2.55590728 
