 -1.07549784  -0.21131907 
  2.34808945   2.29794204 
  0.53039809   1.07176560 
 -2.98378436   2.45001846 
 -1.12613401   0.00642724 
  2.22539260   2.15816190 
  0.48762368   1.17996958 
 -3.06750948   2.30945746 
 -0.94627287   0.06795835 
  2.55241359   2.03105598 
  0.27217981   0.84014769 
 -2.59916670   2.46809287 
 -1.14459974   0.06634291 
  2.23673215   2.48646873 
  0.45102596   1.10903167 
 -2.84976113   2.35540282 
 -1.08848689   0.08299350 
  2.15449655   2.27967093 
  0.43270708   0.79602308 
 -2.80977767   2.20232653 
