 -2.60480731  -0.79320896 
 -0.37427475   2.89598346 
 -1.82202311   0.47106121 
  1.01871410  -0.92591950 
 -0.92700561  -0.33327195 
 -2.53443406  -0.22687037 
 -0.77827260   2.75854095 
 -2.10420075   0.69570233 
  0.71908671  -1.00629369 
 -0.85193598  -0.31561476 
 -2.57834613  -0.69723412 
 -0.54135180   2.52056504 
 -1.87050538   0.43553576 
  1.39251895  -0.94443019 
 -1.17847820  -0.32064321 
 -2.65470268  -0.42244699 
 -0.38737936   2.61167804 
 -2.05755234   0.52420320 
  0.88567873  -0.86414450 
 -1.08680337  -0.35589841 
 -2.56868955  -0.39783659 
 -0.36289952   2.95460431 
 -1.65709458   0.64166802 
  1.14676773  -1.10553555 
 -0.94023517  -0.48244514 
