  2.40678525   2.79633657 
  1.38000765   0.97602847 
  2.15916631  -0.63735859 
 -2.22790200  -0.36862504 
  2.85071976   2.93196222 
  1.22904907   0.96347601 
  2.24242692  -0.41731149 
 -2.02788981  -0.49137192 
  2.41705188   2.91493178 
  1.25172503   1.05468528 
  2.05585871  -0.43250985 
 -2.27124588  -0.55598988 
  2.56250804   3.03485038 
  0.98534445   0.59321738 
  2.13955937  -0.49357446 
 -2.22778724  -0.23069860 
  2.41422367   3.01156780 
  0.94887137   0.63324964 
  2.26144947  -0.82433614 
 -2.46307750  -0.60173136 
