  0.70947674  -0.24984412 
 -2.58443540   0.31135241 
  1.26869838  -2.51566060 
  2.46046152   0.34904030 
  1.38833118   1.77100760 
  0.27214284  -0.33128317 
 -2.58093787   0.23446668 
  1.20215109  -2.37379459 
  2.37144695   0.18255390 
  1.28589178   1.43778230 
  0.54238350  -0.66604272 
 -2.24986582   0.13545538 
  1.24213650  -2.29154264 
  2.69249762   0.11465553 
  1.50055323   1.40782953 
  0.65308257  -0.77372565 
 -2.25476120   0.35505483 
  1.02073440  -2.32411960 
  2.50634154   0.39731469 
  1.36669270   1.76245513 
  0.41931236  -0.40107876 
 -2.23540164   0.66949519 
  1.25768494  -2.39883735 
  2.33040341   0.11568773 
  1.44130928   1.42054880 
