  1.61193633  -2.73460502 
 -1.13069613   1.16430167 
 -2.95356427  -0.75729071 
  0.26294048   2.49879289 
  1.75632872  -2.68191065 
 -1.43970304   1.48900317 
 -2.46455468  -0.99889889 
  0.15487000   2.42141920 
  1.66926730  -2.67723505 
 -1.26305318   0.97075703 
 -2.92760165  -0.55287147 
  0.00558621   2.83142122 
  1.69139180  -2.50633287 
 -1.15487525   1.24961459 
 -2.74887275  -0.65210111 
 -0.13009681   2.52178872 
  1.64594779  -2.40939248 
 -1.16767774   1.13888548 
 -2.56957386  -0.71995041 
 -0.16102092   2.44606595 
