 -1.20278064  -2.28805717 
  1.89794783  -2.32448354 
 -2.29294805  -1.17856901 
  2.10470070  -0.60305786 
 -1.02772091  -2.31150660 
  1.77617859  -2.64951025 
 -2.01686814  -1.04974384 
  1.59322819  -0.69549882 
 -1.12212892  -2.71398823 
  1.95406256  -2.50512794 
 -2.13576336  -1.40748068 
  2.03097346  -0.22133676 
 -0.94333257  -2.23718012 
  1.79013090  -2.55472418 
 -2.43412797  -0.85096165 
  1.76749730  -0.43211097 
 -1.00025857  -2.01949724 
  1.63259616  -2.29521275 
 -2.33106250  -1.17984977 
  2.12579295  -0.67099674 
