  0.90889937   2.41287693 
 -0.04149438   2.45437661 
  0.95305351  -1.16175032 
  0.22401568   0.38924364 
  0.83257042   2.34715304 
  0.37302638   2.50202377 
  0.68956557  -0.81491862 
  0.35764824   0.11819520 
  1.18963779   2.27161622 
 -0.01823998   2.52815268 
  1.10931152  -0.84184068 
  0.52034517   0.27484713 
  0.80668835   2.40604455 
  0.10799116   2.43290775 
  0.73383884  -1.05929084 
  0.34039329   0.05493516 
  0.87590513   2.27540706 
  0.13412901   2.03798810 
  0.73653476  -0.90038724 
  0.44878263   0.28741740 
