  0.00147800   0.80385460 
  2.73884081   0.96004348 
 -1.47021741   0.97506336 
 -0.62548467  -2.64506074 
  2.42937135  -1.86869130 
 -0.34800356   0.31368972 
  2.30752338   0.91553528 
 -1.73147915   1.00084107 
 -0.41821357  -2.72457074 
  2.13613589  -1.71675296 
 -0.21115826   0.71168986 
  2.53362524   1.19119682 
 -1.62126943   1.19346960 
 -0.26295499  -2.67848051 
  2.81829120  -1.86300619 
 -0.21071427   0.13001431 
  2.52753373   0.87130135 
 -1.55028700   0.84771645 
 -0.56232592  -2.91697642 
  2.32077123  -1.67472244 
 -0.02016355   0.53731007 
  2.52502181   1.22281018 
 -1.66309159   0.91108465 
 -0.68726530  -3.08761665 
  2.33598714  -1.72148833 
