function 2 * x ** 2 + x - 1
0.000 -1.000
0.100 -0.880
0.200 -0.720
0.300 -0.520
0.400 -0.280
0.500 0.000
0.600 0.320
0.700 0.680
0.800 1.080
0.900 1.520
1.000 2.000
1.100 2.520
1.200 3.080
1.300 3.680
1.400 4.320
1.500 5.000
1.600 5.720
1.700 6.480
1.800 7.280
1.900 8.120
2.000 9.000
2.100 9.920
2.200 10.880
2.300 11.880
2.400 12.920
2.500 14.000
2.600 15.120
2.700 16.280
2.800 17.480
2.900 18.720
3.000 20.000
3.100 21.320
3.200 22.680
3.300 24.080
3.400 25.520
3.500 27.000
3.600 28.520
3.700 30.080
3.800 31.680
3.900 33.320
4.000 35.000
4.100 36.720
4.200 38.480
4.300 40.280
4.400 42.120
4.500 44.000
4.600 45.920
4.700 47.880
4.800 49.880
4.900 51.920
